+5.42658101E-01
5.254686E+1
+2.30359397E-02
5.239472E+1
+2.30389035E-02
5.224748E+1
+2.30451795E-02
5.271455E+1
+2.30311750E-02
5.268466E+1
+2.29958457E-02
5.311477E+1
+2.29916892E-02
5.258855E+1
+2.29846573E-02
5.261931E+1
+2.29854459E-02
5.216349E+1
+2.29867200E-02
5.244394E+1
+2.29788362E-02
5.236988E+1
+2.29763171E-02
5.254791E+1
+2.29640809E-02
5.245184E+1
+2.29677156E-02
5.226024E+1
+2.29720996E-02
5.254369E+1
+2.29785588E-02
5.235025E+1
+2.29798780E-02
5.257376E+1
+2.29733834E-02
5.269232E+1
+2.29687800E-02
5.266827E+1
+2.29782073E-02
5.295210E+1
+2.29763251E-02
5.247108E+1
+2.29747379E-02
5.271718E+1
+2.29838198E-02
5.289092E+1
+2.29786956E-02
5.216558E+1
