9.910000E+37
9.910000E+37
+0.00000000E+00,+0.00000000E+00,+0.00000000E+00,+0.00000000E+00,+0.00000000E+00,+0.00000000E+00,+0.00000000E+00,+0.00000000E+00,+0.00000000E+00,+0.00000000E+00,+0.00000000E+00,+0.00000000E+00,+0.00000000E+00,+0.00000000E+00,+0.00000000E+00,+0.00000000E+00,+0.00000000E+00,+0.00000000E+00,+0.00000000E+00,+0.00000000E+00,+0.00000000E+00,+0.00000000E+00,+0.00000000E+00,+0.00000000E+00,+0.00000000E+00,+0.00000000E+00,+0.00000000E+00,+0.00000000E+00,+0.00000000E+00,+0.00000000E+00,+0.00000000E+00,+0.00000000E+00
5.220584E+1
9.910000E+37
9.910000E+37
+0.00000000E+00,+0.00000000E+00,+0.00000000E+00,+0.00000000E+00,+0.00000000E+00,+0.00000000E+00,+0.00000000E+00,+0.00000000E+00,+0.00000000E+00,+0.00000000E+00,+0.00000000E+00,+0.00000000E+00,+0.00000000E+00,+0.00000000E+00,+0.00000000E+00,+0.00000000E+00,+0.00000000E+00,+0.00000000E+00,+0.00000000E+00,+0.00000000E+00,+0.00000000E+00,+0.00000000E+00,+0.00000000E+00,+0.00000000E+00,+0.00000000E+00,+0.00000000E+00,+0.00000000E+00,+0.00000000E+00,+0.00000000E+00,+0.00000000E+00,+0.00000000E+00,+0.00000000E+00
5.248933E+1
9.910000E+37
9.910000E+37
+0.00000000E+00,+0.00000000E+00,+0.00000000E+00,+0.00000000E+00,+0.00000000E+00,+0.00000000E+00,+0.00000000E+00,+0.00000000E+00,+0.00000000E+00,+0.00000000E+00,+0.00000000E+00,+0.00000000E+00,+0.00000000E+00,+0.00000000E+00,+0.00000000E+00,+0.00000000E+00,+0.00000000E+00,+0.00000000E+00,+0.00000000E+00,+0.00000000E+00,+0.00000000E+00,,+0.00000000E+00,+0.00000000E+00,+0.00000000E+00,+0.00000000E+00,+0.00000000E+00,+0.00000000E+00,+0.00000000E+00,+0.00000000E+00,+0.00000000E+00,+0.00000000E+00
5.272981E+1
9.910000E+37
9.910000E+37
+0.00000000E+00,+0.00000000E+00,+0.00000000E+00,+0.00000000E+00,+0.00000000E+00,+0.00000000E+00,+0.00000000E+00,+0.00000000E+00,+0.00000000E+00,+0.00000000E+00,+0.00000000E+00,+0.00000000E+00,+0.00000000E+00,+0.00000000E+00,+0.00000000E+00,+0.00000000E+00,+0.00000000E+00,+0.00000000E+00,+0.00000000E+00,+0.00000000E+00,+0.00000000E+00,+0.00000000E+00,+0.00000000E+00,+0.00000000E+00,+0.00000000E+00,+0.00000000E+00,+0.00000000E+00,+0.00000000E+00,+0.00000000E+00,+0.00000000E+00,+0.00000000E+00,+0.00000000E+00
5.221794E+1
9.910000E+37
9.910000E+37
+0.00000000E+00,+0.00000000E+00,+0.00000000E+00,+0.00000000E+00,++0.00000000E+00,+0.00000000E+00,+0.00000000E+00,+0.00000000E+00,+0.00000000E+00,+0.00000000E+00,+0.00000000E+00,+0.00000000E+00,+0.00000000E+00,+0.00000000E+00,+0.00000000E+00,+0.00000000E+00,+0.00000000E+00,+0.00000000E+00,+0.00000000E+00,+0.00000000E+00,+0.00000000E+00,+0.00000000E+00,+0.00000000E+00,+0.00000000E+00,+0.00000000E+00,+0.00000000E+00,+0.00000000E+00,+0.00000000E+00,+0.00000000E+00,+0.00000000E+00,
5.239146E+1
9.910000E+37
9.910000E+37
+0.00000000E+00,+0.00000000E+00,+0.00000000E+00,+0.00000000E+00,+0.00000000E+00,+0.00000000E+00,+0.00000000E+00,+0.00000000E+00,+0.00000000E+00,+0.00000000E+00,+0.00000000E+00,+0.00000000E+00,+0.00000000E+00,+0.00000000E+00,+0.00000000E+00,+0.00000000E+00,+0.00000000E+00,+0.00000000E+00,+0.00000000E+00,+0.00000000E+00,+0.00000000E+00,+0.00000000E+00,+0.00000000E+00,+0.00000000E+00,+0.00000000E+00,+0.00000000E+00,+0.00000000E+00,+0.00000000E+00,+0.00000000E+00,+0.00000000E+00,+0.00000000E+00,+0.00000000E+00
5.248984E+1
9.910000E+37
9.910000E+37
+0.00000000E+00,+0.00000000E+00,+0.00000000E+00,+0.00000000E+00,+0.00000000E+00,+0.00000000E+00,+0.00000000E+00,+0.00000000E+00,+0.00000000E+00,+0.00000000E+00,+0.00000000E+00,+0.00000000E+00,+0.00000000E+00,+0.00000000E+00,+0.00000000E+00,+0.00000000E+00,+0.00000000E+00,+0.00000000E+00,+0.00000000E+00,+0.00000000E+00,+0.00000000E+00,+0.00000000E+00,+0.00000000E+00,+0.00000000E+00,+0.00000000E+00,+0.00000000E+00,+0.00000000E+00,+0.00000000E+00,+0.00000000E+00,+0.00000000E+00,+0.00000000E+00,+0.00000000E+00
5.294405E+1
9.910000E+37
9.910000E+37
+0.00000000E+00,+0.00000000E+00,+0.00000000E+00,+0.00000000E+00,+0.00000000E+00,+0.00000000E+00,+0.00000000E+00,+0.00000000E+00,+0.00000000E+00,+0.00000000E+00,+0.00000000E+00,+0.00000000E+00,+0.00000000E+00,+0.00000000E+00,+0.00000000E+00,+0.00000000E+00,+0.00000000E+00,+0.00000000E+00,+0.00000000E+00,+0.00000000E+00,+0.00000000E+00,+0.00000000E+00,+0.00000000E+00,+0.00000000E+00,+0.00000000E+00,+0.00000000E+00,+0.00000000E+00,+0.00000000E+00,+0.00000000E+00,+0.00000000E+00,+0.00000000E+00,+0.00000000E+00
5.244972E+1
9.910000E+37
9.910000E+37
+0.00000000E+00,+0.00000000E+00,+0.00000000E+00,+0.00000000E+00,+0.00000000E+00,+0.00000000E+00,+0.00000000E+00,+0.00000000E+00,+0.00000000E+00,+0.00000000E+00,+0.00000000E+00,+0.00000000E+00,+0.00000000E+00,+0.00000000E+00,+0.00000000E+00,+0.00000000E+00,+0.00000000E+00,+0.00000000E+00,+0.00000000E+00,+0.00000000E+00,+0.00000000E+00,+0.00000000E+00,+0.00000000E+00,+0.00000000E+00,+0.00000000E+00,+0.00000000E+00,+0.00000000E+00,+0.00000000E+00,+0.00000000E+00,+0.00000000E+00,+0.00000000E+00,+0.00000000E+00
5.222785E+1
9.910000E+37
9.910000E+37
+0.00000000E+00,+0.00000000E+00,+0.00000000E+00,+0.00000000E+00,+0.00000000E+00,+0.00000000E+00,+0.00000000E+00,+0.00000000E+00,+0.00000000E+00,+0.00000000E+00,+0.00000000E+00,+0.00000000E+00,+0.00000000E+00,+0.00000000E+00,+0.00000000E+00,+0.00000000E+00,+0.00000000E+00,+0.00000000E+00,+0.00000000E+00,+0.00000000E+00,+0.00000000E+00,+0.00000000E+00,+0.00000000E+00,+0.00000000E+00,+0.00000000E+00,+0.00000000E+00,+0.00000000E+00,+0.00000000E+00,+0.00000000E+00,+0.00000000E+00,+0.00000000E+00,+0.00000000E+00
5.235417E+1
9.910000E+37
9.910000E+37
+0.00000000E+00,+0.00000000E+00,+0.00000000E+00,+0.00000000E+00,+0.00000000E+00,+0.00000000E+00,+0.00000000E+00,+0.00000000E+00,+0.00000000E+00,+0.00000000E+00,+0.00000000E+00,+0.00000000E+00,+0.00000000E+00,+0.00000000E+00,+0.00000000E+00,+0.00000000E+00,+0.00000000E+00,+0.00000000E+00,+0.00000000E+00,+0.00000000E+00,+0.00000000E+00,+0.00000000E+00,+0.00000000E+00,+0.00000000E+00,+0.00000000E+00,+0.00000000E+00,+0.00000000E+00,+0.00000000E+00,,+0.00000000E+00,+0.00000000E+00,+0.00000000E+00
5.280337E+1
9.910000E+37
9.910000E+37
+0.00000000E+00,+0.00000000E+00,+0.00000000E+00,+0.00000000E+00,+0.00000000E+00,+0.00000000E+00,+0.00000000E+00,+0.00000000E+00,+0.00000000E+00,+0.00000000E+00,+0.00000000E+00,+0.00000000E+00,+0.00000000E+00,+0.00000000E+00,+0.00000000E+00,+0.00000000E+00,+0.00000000E+00,+0.00000000E+00,+0.00000000E+00,+0.00000000E+00,+0.00000000E+00,+0.00000000E+00,+0.00000000E+00,+0.00000000E+00,+0.00000000E+00,+0.00000000E+00,+0.00000000E+00,+0.00000000E+00,+0.00000000E+00,+0.00000000E+00,+0.00000000E+00,+0.00000000E+00
5.240070E+1
9.910000E+37
9.910000E+37
+0.00000000E+00,+0.00000000E+00,+0.00000000E+00,+0.00000000E+00,+0.00000000E+00,+0.00000000E+00,+0.00000000E+00,++0.00000000E+00,+0.00000000E+00,+0.00000000E+00,+0.00000000E+00,+0.00000000E+00,+0.00000000E+00,+0.00000000E+00,+0.00000000E+00,+0.00000000E+00,+0.00000000E+00,+0.00000000E+00,+0.00000000E+00,+0.00000000E+00,+0.00000000E+00,+0.00000000E+00,+0.00000000E+00,+0.00000000E+00,+0.00000000E+00,+0.00000000E+00,+0.00000000E+00,+0.00000000E+00,+0.00000000E+00,+0.00000000E+00,+0.00000000E+00
5.255134E+1
9.910000E+37
9.910000E+37
+0.00000000E+00,+0.00000000E+00,+0.00000000E+00,+0.00000000E+00,+0.00000000E+00,+0.00000000E+00,+0.00000000E+00,+0.00000000E+00,+0.00000000E+00,+0.00000000E+00,+0.00000000E+00,+0.00000000E+00,+0.00000000E+00,+0.00000000E+00,+0.00000000E+00,+0.00000000E+00,+0.00000000E+00,+0.00000000E+00,+0.00000000E+00,+0.00000000E+00,+0.00000000E+00,+0.00000000E+00,+0.00000000E+00,+0.00000000E+00,+0.00000000E+00,+0.00000000E+00,+0.00000000E+00,+0.00000000E+00,+0.00000000E+00,+0.00000000E+00,+0.00000000E+00,+0.00000000E+00
5.260291E+1
9.910000E+37
9.910000E+37
+0.00000000E+00,+0.00000000E+00,+0.00000000E+00,+0.00000000E+00,+0.00000000E+00,+0.00000000E+00,+0.00000000E+00,+0.00000000E+00,+0.00000000E+00,+0.00000000E+00,+0.00000000E+00,+0.00000000E+00,+0.00000000E+00,+0.00000000E+00,+0.00000000E+00,+0.00000000E+00,+0.00000000E+00,+0.00000000E+00,+0.00000000E+00,+0.00000000E+00,+0.00000000E+00,+0.00000000E+00,+0.00000000E+00,+0.00000000E+00,+0.00000000E+00,+0.00000000E+00,+0.00000000E+00,+0.00000000E+00,+0.00000000E+00,+0.00000000E+00,+0.00000000E+00,+0.00000000E+00
5.239992E+1
9.910000E+37
9.910000E+37
+0.00000000E+00,+0.00000000E+00,+0.00000000E+00,+0.00000000E+00,+0.00000000E+00,+0.00000000E+00,+0.00000000E+00,+0.00000000E+00,+0.00000000E+00,+0.00000000E+00,+0.00000000E+00,+0.00000000E+00,+0.00000000E+00,+0.00000000E+00,+0.00000000E+00,+0.00000000E+00,+0.00000000E+00,+0.00000000E+00,+0.00000000E+00,+0.00000000E+00,+0.00000000E+00,+0.00000000E+00,+0.00000000E+00,+0.00000000E+00,+0.00000000E+00,+0.00000000E+00,+0.00000000E+00,+0.00000000E+00,+0.00000000E+00,+0.00000000E+00,+0.00000000E+00,+0.00000000E+00
5.235481E+1
9.910000E+37
9.910000E+37
+0.00000000E+00,+0.00000000E+00,+0.00000000E+00,+0.00000000E+00,+0.00000000E+00,+0.00000000E+00,+0.00000000E+00,+0.00000000E+00,+0.00000000E+00,+0.00000000E+00,+0.00000000E+00,+0.00000000E+00,+0.00000000E+00,+0.00000000E+00,+0.00000000E+00,+0.00000000E+00,+0.00000000E+00,+0.00000000E+00,+0.00000000E+00,+0.00000000E+00,+0.00000000E+00,+0.00000000E+00,+0.00000000E+00,+0.00000000E+00,+0.00000000E+00,+0.00000000E+00,+0.00000000E+00,+0.00000000E+00,+0.00000000E+00,+0.00000000E+00,+0.00000000E+00,+0.00000000E+00
5.238860E+1
9.910000E+37
9.910000E+37
+0.00000000E+00,+0.00000000E+00,+0.00000000E+00,+0.00000000E+00,+0.00000000E+00,+0.00000000E+00,+0.00000000E+00,+0.00000000E+00,+0.00000000E+00,+0.00000000E+00,+0.00000000E+00,+0.00000000E+00,+0.00000000E+00,+0.00000000E+00,+0.00000000E+00,+0.00000000E+00,+0.00000000E+00,+0.00000000E+00,+0.00000000E+00,+0.00000000E+00,+0.00000000E+00,+0.00000000E+00,+0.00000000E+00,+0.00000000E+00,+0.00000000E+00,+0.00000000E+00,+0.00000000E+00,+0.00000000E+00,+0.00000000E+00,+0.00000000E+00,+0.00000000E+00,+0.00000000E+00
5.262114E+1
9.910000E+37
9.910000E+37
+0.00000000E+00,+0.00000000E+00,+0.00000000E+00,+0.00000000E+00,+0.00000000E+00,+0.00000000E+00,+0.00000000E+00,+0.00000000E+00,+0.00000000E+00,+0.00000000E+00,+0.00000000E+00,+0.00000000E+00,+0.00000000E+00,+0.00000000E+00,+0.00000000E+00,+0.00000000E+00,+0.00000000E+00,+0.00000000E+00,+0.00000000E+00,+0.00000000E+00,+0.00000000E+00,+0.00000000E+00,+0.00000000E+00,+0.00000000E+00,+0.00000000E+00,+0.00000000E+00,+0.00000000E+00,+0.00000000E+00,+0.00000000E+00,+0.00000000E+00,+0.00000000E+00,+0.00000000E+00
5.211477E+1
9.910000E+37
9.910000E+37
++0.00000000E+00,+0.00000000E+00,+0.00000000E+00,+0.00000000E+00,+0.00000000E+00,+0.00000000E+00,+0.00000000E+00,+0.00000000E+00,+0.00000000E+00,+0.00000000E+00,+0.00000000E+00,+0.00000000E+00,+0.00000000E+00,+0.00000000E+00,+0.00000000E+00,+0.00000000E+00,+0.00000000E+00,+0.00000000E+00,+0.00000000E+00,+0.00000000E+00,+0.00000000E+00,+0.00000000E+00,+0.00000000E+00,+0.00000000E+00,+0.00000000E+00,+0.00000000E+00,+0.00000000E+00,+0.00000000E+00,+0.00000000E+00,+0.00000000E+00,+0.00000000E+00
5.252060E+1
9.910000E+37
9.910000E+37
+0.00000000E+00,+0.00000000E+00,+0.00000000E+00,+0.00000000E+00,+0.00000000E+00,+0.00000000E+00,+0.00000000E+00,+0.00000000E+00,+0.00000000E+00,+0.00000000E+00,+0.00000000E+00,+0.00000000E+00,+0.00000000E+00,+0.00000000E+00,+0.00000000E+00,+0.00000000E+00,+0.00000000E+00,+0.00000000E+00,+0.00000000E+00,+0.00000000E+00,+0.00000000E+00,+0.00000000E+00,+0.00000000E+00,+0.00000000E+00,+0.00000000E+00,+0.00000000E+00,+0.00000000E+00,+0.00000000E+00,+0.00000000E+00,+0.00000000E+00,+0.00000000E+00,+0.00000000E+00
5.166273E+1
9.910000E+37
9.910000E+37
+0.00000000E+00,+0.00000000E+00,+0.00000000E+00,+0.00000000E+00,+0.00000000E+00,+0.00000000E+00,+0.00000000E+00,+0.00000000E+00,+0.00000000E+00,+0.00000000E+00,+0.00000000E+00,+0.00000000E+00,+0.00000000E+00,+0.00000000E+00,+0.00000000E+00,+0.00000000E+00,+0.00000000E+00,+0.00000000E+00,+0.00000000E+00,+0.00000000E+00,+0.00000000E+00,+0.00000000E+00,+0.00000000E+00,+0.00000000E+00,+0.00000000E+00,+0.00000000E+00,+0.00000000E+00,+0.00000000E+00,+0.00000000E+00,+0.00000000E+00,+0.00000000E+00,+0.00000000E+00
5.283741E+1
9.910000E+37
9.910000E+37
+0.00000000E+00,+0.00000000E+00,+0.00000000E+00,+0.00000000E+00,+0.00000000E+00,+0.00000000E+00,+0.00000000E+00,+0.00000000E+00,+0.00000000E+00,+0.00000000E+00,+0.00000000E+00,+0.00000000E+00,+0.00000000E+00,+0.00000000E+00,+0.00000000E+00,+0.00000000E+00,+0.00000000E+00,+0.00000000E+00,+0.00000000E+00,+0.00000000E+00,+0.00000000E+00,+0.00000000E+00,+0.00000000E+00,+0.00000000E+00,+0.00000000E+00,+0.00000000E+00,+0.00000000E+00,+0.00000000E+00,+0.00000000E+00,+0.00000000E+00,+0.00000000E+00,+0.00000000E+00
5.243596E+1
9.910000E+37
9.910000E+37
+0.00000000E+00,+0.00000000E+00,+0.00000000E+00,+0.00000000E+00,+0.00000000E+00,+0.00000000E+00,+0.00000000E+00,+0.00000000E+00,+0.00000000E+00,+0.00000000E+00,+0.00000000E+00,+0.00000000E+00,+0.00000000E+00,+0.00000000E+00,+0.00000000E+00,+0.00000000E+00,+0.00000000E+00,+0.00000000E+00,+0.00000000E+00,+0.00000000E+00,+0.00000000E+00,+0.00000000E+00,+0.00000000E+00,+0.00000000E+00,+0.00000000E+00,+0.00000000E+00,+0.00000000E+00,+0.00000000E+00,+0.00000000E+00,+0.00000000E+00,+0.00000000E+00,+0.00000000E+00
5.204843E+1
