+2.30149094E-02
5.236125E+1
+2.30180442E-02
5.232065E+1
+2.30228313E-02
5.206589E+1
+2.30283579E-02
5.225591E+1
+2.30128742E-02
5.187305E+1
+2.29796134E-02
5.223939E+1
+2.29760644E-02
5.253761E+1
+2.29624438E-02
5.279243E+1
+2.29727420E-02
5.243326E+1
+2.29759133E-02
5.262048E+1
+2.29696655E-02
5.256903E+1
+2.29693284E-02
5.256610E+1
+2.29685333E-02
5.207569E+1
+2.29706392E-02
5.233652E+1
+2.29722262E-02
5.264493E+1
+2.29707522E-02
5.270628E+1
+2.29743599E-02
5.282148E+1
+2.29690352E-02
5.320046E+1
+2.29735269E-02
5.255734E+1
+2.29768517E-02
5.261874E+1
+2.29733655E-02
5.305211E+1
+2.29749526E-02
5.284837E+1
+2.29764193E-02
5.300706E+1
+2.29746548E-02
5.238215E+1
